2502437
1285589
1985305
1278272
1567012
2560302
2588099
2570912
2563541
2201443
2583508
2489630
2563577
2049306
1983589
2072005
2029676
66200
2560562
1755692
2249776
1283073
1985338
2070718
2528679
2005698
2652428
2508192
979530
2250323
1755671
1815977
1916177
1582156
1651203
1897496
722417
1168836
2557555
2163982
2170172
2419946
2517948
2108121
1897441
2601650
2599890
2517929
1993863
2596715
31744
1982895
2250367
2590875
2591060
223259
2108128
1283071
2169973
2500828
2548124
2527739
1872689
280702
129875
416419
348823
2170250
1755695
1777051
1511910
1985326
1747713
2508203
2041550
59509
1899318
2591113
983929
2510520
106284
754074
1982258
2528672
2170000
1916205
1932926
1913448
335797
2163629
1982272
1777072
2545435
1285595
196375
2315458
2024324
2169925
941058
2591367
1498172
1236573
1881191
223307
2548279
1921711
1987938
2517934
2047876
1837877
2024543
2163987
1718158
2419968
202567
1881335
10271
10707
1527771
2080450
2590894
1971424
77811
1636554
1911231
1327036
244310
221029
2219997
1821746
1987148
2548146
2565520
2591064
1046402
2591365
2548123
2500788
445700
2489625
1500808
1606763
2500799
2003507
1914205
1173756
1137745
2560672
2510941
308714
2565528
436077
1560342
2517935
1651197
263793
212035
2170251
1527512
1913035
2080107
1882400
1647468
526118
1427476
2560392
1383059
1214459
2488632
1815509
1177632
2508851
1774200
1050407
370833
1211642
1548417
1980490
1534553
2560589
1868686
1881188
2025820
279530
1701849
263004
72149
12615
1720504
2250362
1660369
1518022
1881363
1463809
689414
1513224
2419758
1016856
70793
2650873
1636250
442493
1881281
1647475
1168834
298333
1961786
1343901
2041759
145856
1906931
2024326
2575357
2108109
1815521
45764
387907
1982275
1971233
2201742
2108113
2041520
240492
2315531
2015879
1873995
1855510
2560685
1211282
12360
1961797
389469
2483667
187984
279303
2202246
1986031
2560833
1414737
1220715
2169701
1429913
1874573
64318
333926
2234026
1211285
273651
1608311
116759
2041513
1802938
2163980
320850
2024262
1805468
2548270
1674930
2563589
2072006
2502480
1927025
2499909
261726
123735
407392
1739608
2250408
1920779
1335230
181209
1910935
1118064
2034344
2499013
11657
1958917
1874580
1881253
2560733
2492473
2201433
1916203
1909401
1051966
1881207
1897769
1141625
1868858
1985182
2487764
2601662
1567483
2591055
2108134
2500801
2365055
374160
2182408
1511783
471717
2483719
59506
2201454
1983116
503388
1588685
80341
1698711
2024253
2480622
1960655
2059855
270904
2548201
264729
875071
2565518
1920861
2231335
1980923
2590942
1327948
861046
1654363
1918005
2008614
2502458
2507855
2419749
2502421
11673
2250393
31600
146015
1161939
10726
2599838
2489635
1634914
2563554
1983615
1881267
41118
1971411
10683
1622190
1965489
458639
2588505
2267654
1486423
1984774
141904
1923703
2419977
515982
1557035
2575610
1223261
2315544
1165142
631267
2163885
2163630
2024608
1273752
1660374
2268609
2548278
2006136
1647553
1548722
2108111
2560487
1340819
2530033
2530155
2590944
691961
219174
1314973
2502428
1548908
988656
2484210
2592199
2591062
1285463
2560689
2589660
1993630
198542
1955423
1327771
2079340
2589665
1175848
1972576
2560495
1229751
2047839
938081
11036
2169883
2304214
1582154
2653275
219585
374526
1591073
1881416
2591225
2234037
2169704
2025388
1407608
1654823
2548092
2419610
345585
12183
2489626
2560453
2015820
1914193
2506592
1881433
2603258
2560683
1932903
491893
2508061
2170030
1993887
2546628
1182518
2250303
2283269
1874000
172220
2588503
2077134
2547246
2060126
1736109
2486603
1136535
1873958
2079432
1982269
2163591
2201432
1881257
1046573
307444
37296
1971448
2507863
1536603
262071
1856120
2301561
2652896
2591226
2548022
1821749
2027893
1982574
2560504
2015880
1173759
1173757
2593355
2027262
2530145
2548262
2548317
1698366
2218498
2283287
2282912
2593333
1881238
1166568
2530116
1993873
2517933
2583043
1965477
2530139
2572530
255066
2027273
1511874
2006942
2499058
423476
1891726
2488963
438780
1881444
663241
2341078
2137546
2510473
1785176
1701854
1647545
2588132
1655307
2250311
2606591
2653278
1330491
2024235
2500807
1932885
2609832
2066503
1931356
2499028
1582149
1546257
2169985
2006178
1868849
35341
2283293
1881208
106966
2491664
1881212
2599831
2548048
2070183
1792149
2572524
1701817
1965457
1567468
1897542
28375
2491899
2072003
2493122
2315483
2588141
12313
2499029
1980456
2115988
1654919
2169870
2026196
2652887
12327
64279
1453337
40281
12643
1916202
2015855
1985356
2601627
1032473
2591067
1862960
2599878
1278276
2015888
1971235
2027904
1897745
2500800
1647411
2041340
1273738
1982308
2599841
2108116
2530034
1770232
298334
1983557
2042696
2182357
1746058
46021
2502459
1789651
2563511
1074304
1933112
2517962
10693
1982229
1868862
1821553
1981041
1874590
240877
2590878
1647539
2201421
1933179
129951
1530085
1980427
2508206
2548310
1921005
2565696
186805
1239437
2365031
2599843
158463
1983552
1985337
346884
2047843
2560496
2027247
1881349
947981
2015838
2026130
1958914
591487
2250302
2562174
2184698
1980160
1932883
333968
2282196
490103
2099653
2489629
222557
2560358
1636182
2488958
1965473
1911908
1476886
2365034
1034099
2506585
1747281
1307801
2517960
1458842
1913041
1752028
2588509
95342
1921127
2041554
1918009
270256
1965476
1921410
1034101
2591372
296190
85618
2590880
2560787
1249500
1821750
2070187
1790059
2023953
2079424
2510495
1079998
1922246
2530185
2182360
2548256
2339258
2500169
2250391
2500787
1980494
2560541
2510522
1920765
1911007
1881254
563122
1958913
186153
1513210
2126803
2052744
1739610
1938392
1868844
1982238
1881330
2548150
1147152
1226263
69609
2565666
2601686
1906674
100755
96892
2282909
329852
2126948
1881451
2560663
1289598
2182351
2029667
1697349
431894
307456
2560831
1983463
1387160
1636564
1249501
2575326
2282402
95547
2315766
1273707
876448
2169978
1881214
2048007
1811503
2070497
1934100
2530146
1470461
755164
2419745
1883368
182851
2059882
1527513
431891
2315546
201847
2483722
66266
45221
1965385
2283257
908820
909827
2652430
1157338
2015822
2548173
1273739
2502423
28344
2530030
175814
1980466
1883369
1921413
2182406
2099644
1225794
1133726
2517926
2563556
2365012
2502454
1955181
375032
114921
573175
2596671
136234
1529058
1897526
2591375
2250398
2510455
2548238
12435
2502440
2560607
2591221
1980468
1913040
2249770
1567485
59301
2483721
2026944
1173741
12271
1983551
1913043
1567487
2548014
1929963
159148
1960656
1914898
1281454
1970374
1932927
1985735
2589644
1455075
1234701
2560751
2560507
57581
1127516
2047866
2029064
2301708
2499065
2268607
2563512
96491
1335626
2025352
2169922
2499072
2563580
1918011
2592204
2170246
397353
2560460
1660367
1309583
2069312
1567484
2548051
2027896
2419953
2547997
2499046
1558466
1815984
1897424
1933774
1755689
1327770
2575323
1278249
1651200
1585659
159150
2506607
345201
1636583
413066
1225790
181216
2488975
2201435
1610872
205868
1921555
11768
2182354
1983738
2250333
59241
571950
208084
2517943
86782
185954
1932899
2301709
2024321
2169746
2250389
1977304
1954378
2572529
1219531
1567014
2591129
2250359
157270
65743
2079397
2496520
2563520
1813887
2041473
2250379
1026955
1089116
1429794
2601623
1966265
2169998
294631
1508680
1965383
1034110
1701847
2565697
1889900
2590943
2591043
2027261
2029663
1647540
1511906
2548240
2565695
1982154
1640969
2169962
2027892
2163636
2250411
2562111
1076630
194701
1881348
2502467
519497
2502297
1675544
2506428
694005
2501969
1391432
1933191
42004
1983108
1406784
2320198
1327944
2070179
1407493
2250426
526476
2548187
2592194
1772314
2136799
2560475
2500792
1918008
35297
2560510
2508866
1327773
2283260
2099859
2005697
1887643
337051
1177758
2419963
1987149
28289
2548297
1916153
2548288
2593639
1897087
2050964
1881441
2419750
1906673
1458724
320848
1340831
2593343
337041
2548261
1458863
2548171
2126809
2652402
11520
1933692
1150353
1965486
1636205
1300004
139870
2493116
1916112
2560422
382685
1982096
2599871
2023205
1868660
1278261
2234078
2182361
106331
309181
2053723
2169920
1960312
1980539
2548054
861448
2081628
53179
1874586
1327968
754075
1855816
1873889
2560543
669008
2588090
445565
1357714
741995
2500557
2563508
2588134
2163890
1567465
1921017
1920757
2593347
2419609
2591117
1665361
33760
1408137
1168847
2560482
2560789
1912975
1754217
2502306
10256
2094144
2041475
1916126
1897500
2201349
2301692
2169923
2045345
438482
913183
2039267
2548185
320849
1919083
1458670
1972578
2029660
2499027
1920777
1956177
2548125
2584492
2301650
2499009
1729933
2517936
2163899
1985353
470166
2034343
2483674
2024277
367301
1002273
1897739
1513202
2301538
91753
2234085
2250401
1873696
2593340
2016460
2528681
2169760
51336
2041858
11318
2138298
2283299
1277892
1980930
2041541
620894
2006177
12166
2315705
1883373
2419627
1984800
90961
1981162
1385659
1402875
1673887
2052753
327280
2024239
1126885
2560439
2047840
1984779
1881429
2530131
1982368
1685502
1965469
12154
2042532
226613
1566995
2488785
1912598
150286
1445714
2047829
1933294
2557554
28874
2024005
2024214
1498220
885867
2576477
1642929
1924729
1673889
180399
2015836
1675601
1647554
2530161
2560596
33708
1366055
1982307
1056515
2500817
2301646
328615
1572744
2560618
333924
1536597
1881197
2560424
170617
1772318
1772299
1555234
2169993
1193974
1980931
2250309
889959
1857647
2591133
2548198
1289599
256130
979537
2548046
2548196
2502419
1675030
12451
2201441
1406779
2015849
2560625
2601691
2488782
None
1982373
1225861
1913113
1303862
2530160
2560437
2301528
1631195
2022413
2079567
2301552
1289596
2486665
1921531
2560407
1921699
2560435
1712394
2126954
2283301
67082
2530184
1881372
1986019
2500138
2499005
180587
2560554
2025079
1885245
194966
1881210
2250380
1874574
1958895
1985310
2563532
10692
2079587
1608255
1684825
1984780
1985712
566270
2565686
2419741
2108117
2282989
1897754
337044
130309
2591031
1278479
1698417
1784843
2024327
2025806
2517940
2163596
1928336
1567467
2560261
2301604
1759531
665887
12110
2083276
756280
273350
694581
2015809
1245890
1881209
746831
2202648
754041
1654781
2510504
2094737
1720499
251749
2601685
1698254
1435485
2163979
2049889
2499045
681518
307467
2510468
38766
1881439
12402
2572528
2050980
1983586
1285600
1352230
2588098
2052757
10449
2560671
2315541
1821279
1918727
2219103
1772321
159141
1883376
1296660
2590046
2283255
397544
1660363
1188794
10455
2560703
198538
1965378
2517937
2571251
1640973
1301220
1923890
1552733
1123754
351708
658056
1283077
10566
2510501
2029634
1382266
1971430
2560286
2283013
2560553
2170085
1208309
1206110
2510518
1993865
268746
2484216
326036
1983604
2004457
10830
2169974
214439
1982284
157924
1354514
2053706
1654364
223303
2301549
2126814
1982302
2502484
1056833
2591049
2022475
92963
1921130
12890
437444
2048976
2182344
2024231
2563517
141860
2560785
1813599
1204521
1891730
2499064
2250325
192452
170325
1920994
112596
2530118
1982365
2548289
77698
2170413
2548089
1211640
1954379
2182319
222474
1982928
1881328
10407
1340812
1173740
1980944
2560542
2250409
11216
188333
1965465
2250291
1916162
1985702
1846168
1647544
2593359
1327950
648017
1881226
862944
1913046
2027254
1933771
910473
1881419
2499001
1920996
329254
2560505
1567477
2041205
2548005
2548091
444859
2025813
11552
1932896
12639
2560382
449720
1891729
2488968
2548017
2056767
2282396
2041344
104581
2510517
2079420
2365048
595895
165826
1881271
1161927
2079283
1983585
1982304
1987940
12466
1983601
2548056
889950
1486425
2502445
2502408
1653734
1962302
1150880
391228
2591111
760732
2590945
260379
1881278
150285
2591099
2652427
2419526
2510485
1881332
2079285
2591366
1146872
2499678
1914856
2233992
1955560
2169700
740933
2060120
2502425
181214
1982357
2502302
2201446
2557583
797075
2499069
460926
2250331
2545437
10719
1821727
2601616
2591029
97195
2548183
12165
1414742
1329648
2546636
2175295
1720500
1873950
1837862
1414747
2506608
573174
2599879
1904882
2507861
2560270
2560657
117198
547228
2530117
1335768
1805954
2576872
2560538
2562638
1110520
2054877
1965485
194443
1982578
2320195
11103
2060129
1927016
1566990
2596979
1965376
2020880
1897428
2484249
2499007
1920754
1916164
2048063
1980430
2072024
2126951
1914893
1985307
1932901
1881361
2560359
1262072
1920305
2049886
39059
2599826
333754
1980946
2070191
1922212
10759
1685500
2004415
538979
2510509
2560418
1852628
2591370
1698365
2234086
2268914
100217
1720526
1660366
1982377
1034135
31743
101850
1714272
1916189
2126927
2069615
1985723
1852563
2419523
2575611
431892
644007
2548004
588068
1921432
2025821
354260
2024313
1881293
2483609
2169860
2053700
2419739
55510
2530172
2060946
2599872
1971431
2094572
1881374
1458714
1498204
2591211
2530138
2596672
563123
12901
1986024
2588499
1916163
1881299
205876
1165135
2283292
2562179
2560731
2249768
2182347
132477
1982379
1958956
1647311
1913124
1567478
2502462
2593995
1981024
10368
10724
1983550
2583507
2599842
1419340
11292
2126813
1868672
2560759
908125
2015843
2024250
2601612
1278268
2042482
627087
122203
1805467
517361
1527525
2170238
2560335
1933295
1701837
11569
1881140
373403
2283296
1273747
2510944
337050
1897486
1986020
11079
2530120
2182350
1660362
2510942
2023057
1542912
634441
1080798
2599848
1093928
1813774
1567016
1982293
2182392
2315797
191436
2169928
2052932
875624
12542
694135
1987479
2548182
1633782
2301691
204440
2495557
10462
1076136
1920307
555387
1226253
1881251
1897503
47929
2024274
1985740
702736
2231354
2267250
2591123
2500795
38416
1477405
1916107
10535
1165147
1932865
1327985
146500
2548042
2079430
2047846
1881342
1636560
1982595
1983616
1747714
2517931
1195073
2530149
2053682
2315711
1511877
2315614
1887644
2499016
2301634
2282206
1965474
2499620
2250328
1662284
2528676
1985175
1871686
1912319
2517947
2530037
73422
1881353
1636586
2027270
1932923
11786
2546632
1541686
2593350
359323
1414603
2571252
96029
1777064
1647550
1987155
320122
2133795
2510508
1838081
2041556
2548286
1881344
1777062
1465639
682382
1983118
1766828
2283305
176106
2652421
2488702
89471
2492474
1971432
2024236
180903
1511868
375198
2315715
1168594
1654582
1690784
35258
2557580
78541
2502412
2137242
2652418
2488961
2029657
2025360
2301684
666144
1983741
2510467
2563584
687803
2592195
1090133
2047870
1560286
2233538
1982262
81583
2182405
2234081
2530129
1982246
2094735
2530027
1983656
1961914
2126944
1983655
2591030
459290
2006175
369257
1219875
2015873
2560690
1535802
1089129
2060954
2517927
10570
2510574
2053705
2041860
2024007
1868663
1559735
1897524
2025823
346881
2501744
1971440
1965472
1720506
2510940
2029631
2070185
1853865
1982279
2027249
2182348
2079541
2250326
542343
1868842
28351
2548281
1965475
129728
1897505
1874529
1881431
2548186
2250297
1891747
1647466
1913572
1432847
1916168
1340810
2547988
1911010
10654
2570911
2138297
224399
2070202
113370
202568
1041808
277944
2170002
2169807
1701850
1881320
1916201
2250384
1567404
685899
1873985
2053708
260149
10406
1168843
1891752
11986
2565662
2548040
59376
11840
1965484
2560462
2565513
10839
2283251
2234027
2060111
1982885
2559716
1552662
756285
2506597
2548202
2041209
2041540
2283248
1971449
1918006
2315695
2419954
2575328
756279
2510477
1965488
1168281
1971434
461711
2565668
1969351
2320193
2584491
1407057
1651198
1874571
11757
445692
1519999
1639814
1745247
2530152
1982894
59749
10325
2510458
2492948
455370
1474867
1714273
1792288
2560330
1527693
1907210
387910
2041854
696472
1881449
2483720
2003672
2060956
2591053
2548251
2548131
2608376
1838070
1628899
2169873
1965452
2560434
2578086
2485233
2596714
11234
1543203
1165907
1168563
1481112
1862961
12436
1239382
1574421
2108114
1914853
869726
536084
1965492
2591119
2283253
2562602
1982087
2099634
1933115
2563592
2560653
1527515
2094134
1165149
1567013
2591136
2054272
2593339
31757
2502483
2099636
1826170
1285594
398817
2588490
2045361
1305708
2006921
2502409
1595998
2565650
2365032
2315537
1933190
1007869
2250299
2301687
2065036
665886
2599827
1881387
2488971
2599845
1391181
1881381
941969
87097
193121
1960887
2268589
1582151
2599882
2494350
2094139
1435411
2592205
92444
1608040
142102
1147042
2488980
38170
1636189
1381104
2182355
1897753
694448
1449437
2548166
2041383
2562235
1357669
2024296
255363
2560642
2034999
1958916
754076
71032
1340834
2301603
224578
2599837
1481785
1838138
693629
1278275
1108070
445517
2484206
696859
2053563
10752
1308896
1775256
2530188
1966378
2601625
1881385
205872
2419748
2565517
1636566
1654889
2506601
2602439
2562462
2003650
1934428
2575327
1762013
1982078
2560470
2301714
2591369
1913119
2126955
1868661
679536
1631194
2419625
1881255
2099853
2546633
2562186
37128
40521
53954
2301711
11215
2601658
2483670
1636577
2079434
2307269
2268611
1982301
1982563
1813779
1193420
1278423
1987939
536079
2601684
945085
1797140
2565648
1960249
2601656
219299
10717
879630
2592220
1881247
2365044
1868850
2506604
2024329
688540
338781
12637
1933299
39566
663555
2041558
1881359
496396
1982257
185782
2099442
244590
1720505
1074303
1034102
12205
2020879
546805
2484247
1173770
2560267
1070990
2169767
2079591
2530151
411854
2499006
1980957
1920298
1962501
2588507
2029670
2163589
2041511
1147044
2599886
2024297
1034109
2099338
2250335
1354735
1698369
2563537
1982295
2015826
2499023
2052685
743536
1168823
1856642
1089121
948741
754040
12172
32610
2563595
2596709
2502307
1930080
2050039
2484248
11021
1597967
2047874
1967472
1971427
1100878
2304025
2588489
213769
2560506
1982081
1161935
1881413
2560491
994601
2126980
2488784
2059881
330399
2496544
1987729
2302418
1897541
2099857
2563588
64293
1821560
47223
1873998
1151014
1084719
2301703
1191380
2126735
2169688
1821720
2490450
1327774
1918524
1548918
2231341
2023155
1916176
1282994
762660
220340
2544985
2005054
2591122
2029635
1897555
1916125
2484207
1993864
1862332
406340
113366
2419785
306552
2496546
2041382
2070192
1891764
157899
2500166
1965461
2510486
2500137
2548142
1718600
2502420
2079289
2599862
151539
100887
2060955
1812174
2014347
147712
1109716
925983
1887657
1712539
1979162
1933270
374525
2557581
2365043
1840236
2170176
2560763
1881206
64320
1916173
155148
1340801
2182404
2576882
1838151
205870
113553
508419
1051675
1654883
458132
37127
2070725
2496549
2500566
12175
2060951
2340711
647294
1109710
1567451
2340716
2509616
2584499
359919
2170001
2283245
2510576
92395
2003503
2508184
2560428
202910
2565658
1881415
2053697
2115967
40979
2489627
2488962
1897523
1815974
2301558
2652889
536464
1660375
2201346
2548179
11620
1916121
1881284
2601609
198068
2024293
1993880
2170234
45475
226582
1735591
1176767
1985341
2047834
2599880
2591071
1458846
46618
1916111
693582
2560451
2560611
490912
1932890
1054968
2563519
577124
755274
1863008
2290809
1511913
2565676
2041523
2201414
1982303
1921018
180822
2099630
693628
2250372
2218614
2249774
432261
10921
1980433
184020
12092
1391455
1720503
2492961
2500563
2591377
1980491
2557582
2499008
1910969
1327970
2584494
90410
2420240
1679172
1278250
1965372
1281455
2419752
2548159
2108123
2052751
1109711
645117
1916179
1982888
1921562
767806
1262539
2070201
1739611
1982241
1964372
2487767
2052746
1732179
1718166
332032
1913117
2548020
1640977
1969741
2315538
2024285
1984748
2548021
1916160
2548031
2268587
2548058
337052
260373
1636571
1965384
2601611
1458716
53182
1312874
2024319
1932904
1414766
81931
1511895
1784947
1718601
11623
1982077
1985716
1508672
1051676
1983608
1504288
1278259
451705
390436
928293
439422
2315612
2502468
1071177
1527692
1927021
698490
1633878
1868596
1735586
10832
2587809
1981020
1262530
2169976
12305
10507
1701812
1735561
1698439
2488956
167129
1327973
2365021
152177
1086751
148943
2517964
2041524
1982268
11089
2592163
2510481
1910937
1358124
2565656
1034140
2603264
1982260
1699888
747763
2590946
2231336
1500811
1881434
47900
2029674
1141136
1664246
272636
573171
2530133
253923
2508069
2508189
665589
1649336
2562131
2560568
2500789
2483607
130500
743553
1881389
85708
221915
2027252
1982572
1885242
2560473
2562180
2563551
2548228
2026113
47903
2138299
112229
2508190
2027272
1932895
2510482
10397
2081604
1983447
457007
2070199
1755679
139871
2544945
1920995
2024254
377611
1582354
347962
1176148
2548099
2081624
1916190
2005700
1629953
83129
2202568
2027278
1667322
2563549
1165153
1959739
36427
12585
12037
2565670
2250427
10689
12162
223262
2590940
2006174
2041477
2234075
1903259
1913145
1982291
1871689
1551642
2302419
1897432
2499003
2053623
1739966
1262537
2560436
2419957
31559
1327977
2500816
1306546
1982366
2502422
905828
554168
208177
413258
2169963
2070194
1548189
1932891
319522
1513257
261939
1229761
10537
2560336
1094373
2065215
1958908
1916175
2548241
2047841
2484208
2488981
1993867
1983606
2249778
2560512
2182353
491003
1505026
1636555
2081950
2590895
2027255
85154
1982929
1538101
1853762
255431
1891745
1881204
2483664
1278257
2562193
1916157
2108126
150284
444474
1921554
2081623
2565596
2548275
186539
2079429
12199
69577
2560630
1220605
2027901
2250289
1508677
2489618
2024279
1850906
10677
2479482
1046403
259901
11024
2560454
444862
1868853
1868600
2502456
1916699
2178929
40050
2599835
1046267
2593360
2170090
2052157
1982560
1881354
2591209
2548192
1774508
216614
1980915
1897448
1982084
1718841
225979
2562810
2560729
551523
1813778
2301559
2234073
1636315
2591121
1916161
1881368
2027269
374840
2301564
1560283
12302
2562347
223344
2072004
2268915
947980
31604
1868826
2548154
181217
227720
1985693
2483669
1278260
2548030
754068
320845
2562346
1698715
2099447
1069378
2283025
2560661
1881307
2126722
2029661
1221835
1589270
624134
1735466
103216
1513276
1897545
1514665
1987157
754044
1881421
2575325
2006145
1647458
10335
31754
1327974
2250288
10664
1327935
1511872
1982567
2315706
1982556
2599824
2565523
2575254
2653273
1239565
455364
2563557
1380865
43240
2548143
1982927
2489633
2560591
1914895
1239574
1445553
1921546
2126950
2126985
172278
2580406
2041527
213774
1123964
2593335
2591220
2502443
1701671
2502430
908009
2591219
1168814
2027902
28347
2170173
2250365
1914894
2496634
1881277
129954
1289601
12538
10826
1034067
2301551
2548199
2548285
2161795
1660371
2301702
394239
2321388
1983553
1633149
1982281
1647542
2053653
2502413
240865
2588133
2563544
1329650
51677
1229760
2027277
644524
2268622
2499067
2499041
1914202
2591045
1873904
1985308
29271
121791
768738
2072797
1165161
2070724
2652408
1981167
2133794
1838154
2548232
691963
2484215
1735646
2494563
2491316
2565683
2178932
2548068
33771
761702
1241918
2510505
2599853
2099336
1916186
2510150
35350
1772250
532078
2583038
1147140
1225789
2060952
2301712
1982575
2059854
1814015
2560446
1165136
2575319
2034166
2591032
1262514
1034112
2560490
1958909
75746
2563591
861045
2169571
2560269
2499033
134632
933845
156690
68876
1881437
2508181
1341101
2502439
1873452
1868597
1965269
1982276
2500151
2049887
1141134
183405
908276
2026195
1964816
2563543
1278246
2599877
1980960
1654362
376820
2015878
2507575
2015856
236987
239364
2590050
190064
304399
1981169
2563593
2591131
2060112
2510151
1911009
2042604
12139
1642515
1881272
2510581
1897507
2060087
1916174
2488967
2507411
36343
11191
2036768
1977633
59817
2502452
2489636
1813773
2565652
2315616
2250374
2510578
1498171
2094129
433462
52979
2500571
683735
204269
2079582
1914576
2070181
1654894
1486427
1392231
2493083
1552735
10264
2201436
1165156
2292426
2592201
68033
2591135
2003505
1927024
1636557
1089114
1897743
2608320
2583048
2283303
2035399
230161
1933189
2099635
1860179
2024248
1933186
2560594
1511871
1622114
2563583
1327945
1906317
2365050
12315
292029
417287
1983594
2565663
2488571
1881411
2591193
1916166
1541823
1527524
1897440
2094714
1678145
2588088
2560560
1881435
1211644
269277
190065
694003
2025822
360398
1916167
1141132
1414736
11827
2611413
11886
244589
2562194
2250330
2169984
1716042
2419973
2301700
1701852
1334243
2250300
1636576
1777063
2340720
2447811
2419760
12197
1921129
1508683
876449
2033633
1647310
1933108
12282
2301563
1982283
12417
1572753
1815955
1500756
1814288
2563521
12455
114424
2315532
1551710
1698441
2053701
1105171
12196
2182359
2080449
1921128
1608131
1042124
929814
373407
32624
470314
2365041
1245814
2108120
754039
1527517
2108127
1619899
1176434
205879
1959740
1984789
430511
1987153
548914
2250422
2419959
2269380
2506588
2560485
2572531
870470
12167
194440
50817
1815969
2560784
1002931
884610
12222
1754209
2169759
1881454
12730
2182396
2315609
1666988
1514664
1922247
1881424
1195074
2563569
2041348
2015885
298338
1458862
1918525
2590047
2506605
12783
12892
167019
389126
2557579
2126935
344021
2315714
252584
1982274
2301618
2502441
38016
2060123
2027271
1582150
2250399
2079418
499235
2015848
2599832
2099631
2042206
2053812
1913667
2599860
1916101
178530
2047830
2599881
11642
2024275
1206559
2419970
367898
178354
1852565
2548295
1965482
2024328
2099856
2283016
2652886
1302812
48544
2301704
2652880
2591056
1897436
1881237
2268590
2488954
2506587
2548082
2499622
1789653
2315717
1881337
46242
10456
2510573
2506409
2560303
2593345
1881632
1805492
1881313
2283020
1881366
1048189
1914854
2592216
754049
1383057
2528530
2560656
2293314
2024240
685506
1805950
509532
2508179
2560665
1220602
1458860
12541
1089111
1647543
2588517
1340827
2066504
1220717
909297
1987152
2419966
462299
1916196
663557
2015837
310907
2588093
1881422
2580402
1567006
1932893
2560272
2601694
2599847
1933109
2560652
2420238
2283295
1448276
2500794
2136699
2547996
2163983
12198
2060128
1881412
12145
10571
1881308
2059877
1983575
2340713
1882465
1836595
2094736
551531
2563492
1147094
2548023
85454
2588508
1982916
2027259
1761477
1034111
11809
1792228
35286
979529
1972440
1971418
2027889
1881285
1034108
1513256
2528678
1972595
1965462
1732180
1197951
1982287
1982256
1370065
279281
2502298
1034129
1636556
2652407
39443
2548231
12209
11287
2126098
1147143
2202567
2487772
2079414
2588515
2283282
2547975
1805948
1897749
2169927
930881
2528691
1391702
2517942
346882
1330521
633135
2592058
12904
1983751
255131
2301683
2218619
12473
1391431
1636258
2548015
1701848
1881244
1346829
2306063
1527770
2026101
2065204
46342
2560373
1572712
1294119
2487765
2201442
2548225
561999
2201347
394036
2491319
2126945
1498011
345198
2081625
104388
2170099
1881343
1162304
768739
2301715
1211643
2502444
2315713
1772316
181667
230176
2560432
2588131
2163594
2502449
2079276
1972438
754045
1394979
1561226
1805460
2502461
2499038
2560406
2027279
2364281
1327939
2126723
1983459
2249771
2015875
162145
1881388
1233488
1690817
2015816
2563501
445516
2301685
320846
2109652
1165158
2201450
2494333
2079275
1868843
10243
2502460
2591192
2233540
1003177
1977298
1969736
2315485
1300978
120168
2488965
1881261
2510471
2560532
1586713
185793
2268591
1921126
161378
2499002
347324
2099858
1542116
2548252
2560730
1128135
591166
1796097
1921121
1327037
1126384
2094135
1327959
1983613
2517939
2589659
2560364
239365
1881231
2488977
138949
1881291
2126806
2601642
2584753
46619
190062
1089107
1206557
10989
2591058
10891
2052931
28882
2487770
2315615
2510587
1777071
1965481
1860178
2024278
2565510
2070723
1916170
2548273
1051143
1985727
1647541
1542498
2301695
2563535
134822
1675598
2065203
151536
28876
984175
1920310
67761
10743
1636200
2548097
187944
1965480
2053672
2502436
2565655
223252
1357713
1225805
2126789
2301661
2528674
1868859
1993886
1881352
1636578
11086
2169910
1913657
1881393
2575354
2499055
1881317
2301636
2315701
1535247
2601683
444876
10987
2652898
1982219
2510503
2419524
2169991
12721
1239573
99000
1933300
496874
2079423
2041859
2548000
2231347
753085
306025
2041551
2024331
1838152
2530148
2592659
2576873
55511
2144176
2548060
1984796
2234088
2079568
2601634
10255
2499056
2548002
1262535
1933773
1732173
2077133
2548195
1982252
2015811
12336
2563496
1327772
476523
2231346
1928330
85655
2560752
1530400
2169707
2035708
1278251
1815510
1406788
104580
2547995
2548156
2201429
1564903
1925782
1636263
180526
2555915
2490449
2488595
1225862
1852626
38525
694007
2015833
2015828
387909
2560396
2518961
2419971
1432563
627480
10261
1921705
362830
2365015
2126946
2079589
1147139
1881367
11246
2202563
2499040
2576879
1982364
2170216
10990
1301279
1296591
2596879
2126922
1881201
2283021
691966
2041206
1913111
1873994
1927028
2560727
2565651
1921188
1871313
1987118
1628722
1508673
1965468
2420239
687386
1407671
345922
2489619
2036050
1925803
754055
1487700
1391180
10736
1983549
2306966
1897770
995049
1920700
1962679
64286
2599836
2502471
1985291
2560660
1881259
2202565
1220601
2594309
1701801
2593268
2548306
35291
2652888
11240
1891765
1920699
2301602
1036613
2029632
2488668
2282409
215796
1982299
1673875
151537
2565512
2599884
1458717
2231361
2024210
12224
2560387
516956
2571241
2508188
1909694
713949
208973
1921187
12055
2283261
2587819
2591204
1881235
2070182
557289
232237
1278270
338478
1871683
411248
1204516
2301550
2234093
130499
2126811
2070190
40640
2301543
2315580
1805464
2530134
1972593
1897755
1971232
1327983
2250366
2591057
45617
1982261
2580404
1204525
28300
2491321
2508865
2170705
754056
2510572
2268588
1982109
2026081
2568002
1777058
1514704
2530147
2530123
1586712
2079258
889953
2283271
1985739
2528247
2499019
2530130
10567
1891770
2005691
283824
1772292
1872723
2126810
2491320
12845
979528
487152
2250404
2050018
1316739
1279082
2591025
64303
2283237
294365
2024295
2358483
2099860
1983750
1915207
348058
2588511
1051792
2250329
360579
2034342
2041519
979526
10820
2126807
2315543
1034125
1881447
38768
2250378
1881234
1916199
2094143
2555910
2419974
2560673
2607740
2508175
2499074
2565664
1883366
2057187
1278264
2269366
2548234
2510580
1916204
2027243
76875
2560561
2499037
2047838
2070188
1567473
189515
1493507
1273751
387908
237020
33756
1273753
12432
1772313
2170249
2530126
2005702
2024310
2588518
2094133
2548161
1851646
2059879
504346
2484211
2070058
1157339
1476902
889951
33743
2548229
2547982
552525
1340811
2070722
2250414
1541819
1981043
1636270
1881338
1897517
37105
1701824
1226257
1972589
2563497
2563558
2548033
2169969
2041543
1982555
1698523
1920752
2169706
444860
271479
2484205
2560687
2184265
1920751
320836
1815975
2565685
1883377
2163633
1034149
219744
1960250
2024281
1914207
2170064
10276
2502455
2560659
1527694
1647533
2301536
2365016
2548025
2126953
1716044
2652417
40065
1105286
2301573
2249467
1226256
2015806
220608
2562542
1647308
1266977
699370
1927026
630199
2588087
2079425
2484225
2099854
754064
1636570
665884
2548038
2563529
213782
1986017
12465
2499051
2560429
1814280
2565511
2079421
2024303
1188795
1881395
10298
646442
320884
2218613
373861
2108130
2027886
2572523
1165138
1887316
2502474
2054409
2517950
2563491
2027884
536473
2315627
1897484
1914192
1881346
2301605
2500572
1032891
1965490
2048061
130310
2041529
2041515
238854
2591052
1897640
2560442
1660372
2099648
2565516
2079544
39640
2163970
2419975
2591077
2578140
1982259
2500798
1458841
2548121
2060092
2565693
1158721
2419736
1701259
1887654
2502427
1538364
417280
2250418
2041552
300180
1821726
2250304
1283078
2077150
2563571
2283258
2510466
2599839
2547984
1481139
2007183
2283294
1126383
2548292
1354736
1508675
1792269
2108122
1985718
45661
1448273
2597325
2591116
1982247
2250386
1278273
322855
2163631
1437363
1881282
197771
2419618
494269
872294
108098
1985715
1513231
2548153
1165155
2500762
540064
2003502
1932886
213777
40523
2200756
331278
2081904
2499011
300186
2560456
2548052
134386
2594282
2510149
268591
324685
1383055
2250320
2499017
2231348
1881455
1636573
1555208
2500575
36363
2015818
1661715
2590939
2560449
329886
129141
1916193
1916200
1165908
2502299
2488979
1211281
1983609
2027890
315953
2099626
2015883
1983465
2099629
2548009
2546630
2591051
1562076
1971447
2015831
1982565
348137
1985342
2041214
1916158
1034127
1675555
75387
1881386
1558463
1198024
12202
2015876
1985357
1968861
1699316
1913037
1282967
1874530
2548175
2562343
1965460
2060948
2283018
28274
1928434
262177
320843
1881249
2079259
83191
2419967
2563560
1034100
2301723
363716
2024232
1913122
2530173
1089130
204086
2560783
2029171
2006668
2316016
1458712
926697
322019
2483850
12235
2024276
1983547
230158
562747
295090
2070726
40537
2547972
2055238
2555918
1458859
2560423
2250423
2500803
2571249
2591076
1921559
2059380
2030954
2502418
998086
2590933
1874578
310539
2580407
2079262
1881396
2492475
2548230
1654717
2315475
35241
537009
934027
2548259
1868601
2182393
1718279
35243
1983548
1983106
2268623
1977410
2563568
1307956
47681
2283304
2301527
2065191
1914200
1162306
2041492
2250376
186152
2315617
1921004
999883
334203
1234882
2283272
2544984
11083
1981160
1916185
63330
741942
1458858
2493124
2560421
1985290
2024314
2596674
2015866
1906351
2027245
2591223
1772301
1815983
1916156
39803
173707
1955176
2169811
1993861
1168548
2003673
1868594
1527534
1803957
1980476
2510512
2365035
2250322
10991
1965458
10244
1424279
1429912
1982751
1643324
2015819
2591027
616674
585061
1041807
68402
12814
2053699
2301612
1983581
2006923
1965493
2548268
1813769
1177759
2382121
28354
2593357
2546569
370623
2563555
2560669
2419620
2144177
146032
1970746
2508071
2041204
2047832
66284
1636581
2069614
2182321
2560289
1235649
66797
2365025
1983595
979533
1541824
2560595
2565502
1813771
2562456
519014
179237
37665
2588086
2548218
2593327
1555201
1981514
2202247
47669
12215
1852627
1527506
2250370
268748
222645
1982579
2599864
1165154
2301701
2510506
2560658
1982278
1912976
2592059
1983607
2506600
2025817
2419980
333757
1881245
1924731
2599849
2548172
1815590
2041760
1478972
2547999
2560503
128818
2320194
2008766
1745250
1755693
1914447
2601613
1266458
1147158
1586714
2560590
12319
1572745
10778
2041542
2560459
2163901
1247839
2071566
1927020
2053587
198110
1887652
1914855
47000
1815985
2081630
2079287
174178
180170
2560502
2483623
246280
1464127
2201448
508441
1971414
2081622
2593465
1881383
1980966
979531
1921408
764562
2530026
2652881
2502426
1891746
1273711
2301731
10665
2652410
2077135
1211386
2487771
2563523
1421774
2502465
2133792
2041516
1538804
2548208
1837875
1605972
2126815
229636
1891767
2560558
1264737
1933113
345195
2596980
656025
225725
1920311
10674
270146
1173771
2563548
2026085
53988
2081627
2042560
1216504
2283256
2548074
2056194
1513188
2419747
1965456
2315709
1920294
1527516
217686
2548034
2283032
2320192
342409
12066
2560472
2259657
2006133
1557034
936004
2588506
2170150
2592615
1401297
12064
361731
1897554
1814958
2015810
74501
1147151
754038
1622116
1278255
2267653
2081620
2560370
2565688
10565
2081621
349463
1926943
1954248
396359
227507
116056
1792242
2250402
2024315
2027897
1914199
1821562
64003
1913042
1881400
1691958
2565687
1307957
1112700
1325953
351073
1109713
2508194
12230
1982237
2419761
517360
1089110
2528682
1165152
2588085
1267169
128975
2041353
2301638
2560623
2301686
1909403
1881256
1432848
1357712
2054273
870473
1701260
1273754
2562601
1868680
2126949
33765
1701827
1874572
320844
2040658
1972436
2489634
10641
2041535
2599823
1690431
55884
130327
129950
2052755
984186
2563563
2419622
1511915
2419950
2250417
1689660
2588512
2560782
2599404
2420341
754072
373408
2501379
1897435
1279070
2510525
1985706
12241
32603
1921526
2591033
2026115
1933693
57478
1985176
2060720
12239
796352
2583041
1821563
2005694
1678147
2560443
1278279
103881
1984783
1868595
50290
320835
2094128
118027
2108133
114326
1327999
484895
2563528
1993883
2492447
1636587
927988
2572534
1278252
1868667
2588520
2218620
1673873
74492
1175851
1391433
10385
2591128
2169705
756276
1874001
11987
2502300
1927014
1881224
334207
2591379
1965483
2027899
1221637
2548157
1308897
2029666
1720493
2015817
1150991
1922211
2590935
1486473
1129034
2530135
1094892
1340824
2488859
2169799
328670
2546627
2301532
1508220
2053702
2548108
2601693
2565645
2565677
2015871
77048
1071502
12317
2530170
1112008
186617
2163590
31770
1920862
2301649
1985717
1986021
1982891
2079593
1563661
1881274
2419958
2008773
1204534
2601624
663559
540067
2591063
2041538
2065202
1233383
2560448
1982093
2599861
2014339
2548102
2484212
1986540
2493126
2596981
2419960
1547219
1610508
2182407
1960251
1445858
2315712
2268621
2528686
693998
1340830
260121
2560471
2591050
2006938
1916097
337042
33763
912321
1977638
2301570
2571248
283675
180230
1529056
126283
1698356
2081631
2652429
2548148
2169690
2565665
1074306
665883
1983576
2484244
139872
307677
2201437
1173297
2572318
2301611
2508852
1173772
2548227
10258
232800
2231351
1168832
2548138
2041210
1230469
2548145
1881402
2024280
2560681
70735
2202644
1911008
2560264
2548006
1881205
45406
36403
2283262
10295
1459003
1277896
1920999
2560469
265294
2506602
173824
1493829
10266
1524881
2182346
2282994
60875
1416741
979532
1881298
12056
10690
722418
2267248
1982883
2502446
1869278
745716
2484222
1993631
2575321
2560468
223264
488317
2250293
2133796
2015812
2052747
2593348
2126947
1982306
2499071
329290
1862959
1985725
2588091
1578833
347219
220932
1983544
2548065
2502466
1051673
2283263
36410
2315710
11041
1195069
2056879
1506716
1777061
2560489
2315628
1381007
2565501
2178927
12657
1357704
374529
1170425
2499063
1701811
2548109
50294
87786
1678144
2419762
1349409
1881229
43685
1982747
2479933
2079573
1754216
1282995
1660378
1511900
2575329
1916120
2547980
137475
1897425
2571168
186540
466051
294382
559189
2079422
1242863
1914162
44560
1921530
1930304
1881215
329381
2499034
1921019
1971443
2599825
1747287
2575612
2250292
1973452
1921435
2599830
2170221
320432
2249779
2249765
687341
1985358
756277
551895
2301722
474454
2023958
2301606
2024261
1511862
2601688
2182342
2301553
1914892
1536592
2548244
1737588
980634
870475
1920997
2005695
2283291
2548309
2283011
1428763
1628720
2250394
2041532
31722
268747
31721
2584495
2169812
1980943
2094141
138950
11033
2652883
2010272
1805956
1278274
2301610
50292
1735645
552509
1147722
40054
1927018
2490448
1980950
2565692
2169857
1871687
2608321
2024233
1881265
2059883
1965470
1881410
2079134
1161901
40056
1924549
1868846
2340873
2082229
2565694
2499030
1911006
2508195
2548077
2530127
1920379
2563493
1347760
2005701
2079298
1054480
861044
2041528
1500800
2548045
84739
2016049
2488969
2070196
2136797
201490
2015891
1987728
1993871
71186
1226262
1465751
1278265
10817
2301572
2653277
99179
2508204
1927023
1445728
1556289
2495555
2588127
1430411
2483671
1881296
2041514
1982369
1567479
2596967
1225806
1933178
1211641
1651204
2041215
2563734
1881283
2595045
1340822
1775250
10479
2560430
2546635
1881318
1619217
1805459
37108
2652404
2301688
2560343
1815978
1032893
2560682
2583047
2487775
1982285
1883205
2601692
1654890
1147156
297254
458682
1278402
341698
1971417
1541690
11085
39804
1881297
1921712
1852629
1924730
2604840
2548193
1983107
2234047
2517951
135102
2024330
889955
573591
1089125
1871314
2024011
2419619
1204537
2320188
2601659
2301608
1868828
1881438
1881334
433357
2126099
1984790
2560447
2169703
67754
2169990
2027891
2018312
2250298
1982571
1933261
929832
2487774
328671
1984754
160843
1647283
1498190
1340833
2419972
2250390
326811
373412
1980432
151535
1881310
2170081
1536611
1984755
2548090
2012676
1647385
2301546
2530128
1982286
2510478
2593356
35344
693999
2487769
2024234
1915206
2024263
2041536
1548902
2024318
1647473
1993862
2301699
2282904
2024298
756759
1777059
2126924
756283
1873777
284221
2126932
870474
41460
2079416
2510523
2560457
536446
754043
2023952
2315619
2510575
1881292
2502481
1303386
1981932
2250377
2315535
2548111
1883111
39046
2231344
2099450
2499142
2560425
1985713
2170247
1914195
2054179
2488959
2563547
2107709
1739609
83839
1965369
2493123
222464
1772323
2517949
1636569
1493510
2070719
558690
1226261
489830
56094
2341077
1732176
2560300
2015840
2201431
12188
694006
1873698
1147043
129727
1543201
1897518
2510582
2530035
2178918
1636544
2548217
2039491
2560792
2250324
1437839
2565684
1493512
1327776
691956
1165137
1701820
2301545
2029172
1777054
2126816
1881364
2234092
536474
1983605
11629
1500712
1984777
2548050
269145
1775255
2249766
2650875
2202649
2517932
694009
1881436
1926346
1175662
2419738
2234033
2510585
2015376
1034137
1300006
2126721
2599846
444861
1127357
1897429
2250332
2170042
942016
2218499
2126957
1881223
1988039
12331
262175
1874583
1982742
1701828
1784948
2528690
1513258
2419608
1636563
2530042
1857890
2015842
2024230
445688
2509281
2201425
2015827
2590919
1675548
1981023
10831
2592219
1608310
2530153
1897495
1913034
1980547
2591100
254397
10937
2560500
2652412
2507846
1262532
1916152
2489185
2108131
1124849
2560848
393049
2565679
1513189
2488972
2548197
2502417
2528675
2483672
223301
2099637
1930506
2560786
10821
1675029
2301531
1609634
11029
1815976
2036055
2170215
2517953
1984747
977927
1881248
2041526
62099
2575322
47416
1982080
2510569
1307954
1868658
2560273
1503864
1851774
1772252
1874591
2099390
2489189
40279
2560521
2099452
2060089
1173751
46919
1883203
2652419
2052752
2006940
1983737
2079426
1982296
2488973
754004
1034152
1993872
1747288
2489623
1860194
1476909
1985309
1979161
2500581
2652413
2015882
2593354
2507711
2365037
55987
130371
2607735
1980521
1983120
2548299
2560757
1717203
59816
2565673
2560508
1883200
1980917
1653087
2563594
1982090
1983592
1605379
1278263
693997
2499932
1825681
1399949
908070
1838155
2231353
1982228
1972433
1971437
1278253
68887
2315547
1780507
1777060
2500560
1522091
1247841
1034133
2234080
35289
2599887
2059858
671095
1874539
1918194
756275
1993882
1271477
536466
1977402
754037
2126734
457286
190061
445564
12844
317878
2562890
1933309
1755682
1982580
926067
1986023
1913118
1980964
2528688
2560393
2499049
1916098
2250424
2560627
10398
1278254
1933275
931244
754065
355246
10484
129726
1567453
1790069
2588135
1881311
1933274
1873903
11901
2490451
2024724
2315610
1591072
2499057
925984
2006134
1540099
2530052
674996
1862826
1239381
2499061
2026084
2560305
445683
2052749
238892
10469
1985736
1962301
1913447
2488780
1183239
1873999
228897
2126934
2502479
35285
452647
2500804
1814281
2315466
1927022
2559715
2016035
1881384
326941
930965
225962
1821222
1981026
1983740
2201428
2170045
1805458
2565682
2510514
1874584
1558467
2563534
273810
2231339
1622191
2316019
1993885
1647470
2231358
2488781
1955196
2283246
10381
1572750
130369
2249769
1076255
2108125
2049890
2052754
2202564
2250397
2027275
1541887
2182399
861047
2560655
336959
2182324
2582416
11137
10376
192584
1750712
1077221
1982558
2053703
1629954
1385658
2301567
2500810
1986399
1225069
1327971
2070198
1071505
2491663
320847
2530121
1932898
1406780
859650
2163592
1932894
1982561
36344
2059850
11746
1296641
1982893
12260
2583286
2079428
1982596
2079588
2006139
1980925
2500561
1558469
1805951
2175169
2170091
2593358
1500806
2170003
2024294
1982282
307461
659372
2563579
2027266
2419751
2126930
2163964
2588516
1897499
2507856
344701
12182
1175850
2315539
1187894
938082
2137745
2584498
2530144
1924732
2488952
51676
2048062
1980486
1897515
1168613
12041
2576452
2588496
2560666
1983119
2267403
1273740
1920760
1987159
1969841
240269
1986951
682650
1868675
1993639
2562178
2301544
1916171
1739607
1262523
2530124
2079554
28875
2593322
341730
2588140
1868666
340907
2603259
405947
1327952
2562187
1557033
2170254
2170059
2591207
2591072
1881309
2510502
1573458
1173746
12390
1540096
1461246
1223262
2555911
1048520
1897527
2099627
1597971
2052934
10331
1897551
1980467
33706
424716
2419930
1837830
1141138
1429904
1465613
1536598
1391456
99182
394187
1897516
1391430
2560836
2483718
10834
977801
877240
2530024
2024238
1445809
2592197
2234028
1868857
2483612
2560306
1958921
2250364
52280
1572749
1980431
490913
1165146
1914201
2517966
1647474
2560299
2108124
2169924
2069609
1981049
262957
2560651
2499068
10986
190063
11039
2301530
2563564
2563494
2060950
2548176
40053
1468179
1971446
1141525
1282405
2015860
2169868
2283024
1958912
1165148
2136178
2052756
1266451
2283026
1913047
2560331
2041855
1673892
2562189
1327975
2170041
1868673
2027248
2548212
298331
2592217
205899
1987993
2029170
2304198
2591061
235266
1173753
10754
1070315
2047760
2041341
1675027
2599854
1945575
227470
2316013
1815972
2059880
379501
12475
1873993
2025819
2563527
70796
1983602
2560790
2563573
1239439
47985
2250327
764348
1308863
2250383
1982290
2500793
2548141
1857099
1887645
871584
2500814
2234035
2590049
2548206
2510453
2041211
2560678
1527535
1775141
31713
1898060
2584496
1161903
1429759
2560734
399185
1660364
2587456
2652424
2259111
1239566
1500802
2563510
1340820
2510511
2510456
2126784
2234031
35252
307471
2041548
1327981
2201426
1732177
2163962
2563578
1837219
1129145
1881264
1959737
2591115
929834
2060945
188350
1913112
2560684
1981170
2517955
2563526
2560509
2048975
1302848
310542
28321
1679933
2365007
2301637
1734382
1277672
279276
2293728
1814957
2508850
2596673
1906670
2501369
1982588
12136
2510465
2548120
2506606
1906668
1913081
2502482
2099449
1982886
1289595
2047865
2510527
1195167
1141139
2560514
2510484
1740109
2070728
1718594
2483673
1698713
240426
2652423
2548043
2170082
1891763
1820046
2315700
1660370
1881442
1868221
2502416
2079347
575917
2588510
2419956
2250385
2283252
2601632
39420
2182343
2420051
1034145
1486469
1481187
1982263
2548152
1278247
2231360
2499032
1168815
2652420
1920781
2548215
2053981
2560271
2163634
1985304
2652895
2601655
1034147
2599829
1572754
2500569
2250395
2510510
1897553
2548181
1472912
1863009
175950
2182403
2499680
1582155
2560559
2301555
326574
574040
584711
1980462
2601697
11072
1577776
2650665
2588504
2488970
103442
1920998
12407
10364
40062
1925781
928315
1327951
1805953
2053671
2126931
382273
401040
2548104
1223259
889954
1124578
2548132
1881266
2562345
10742
2100130
1157337
1262538
2026814
388452
2548085
419435
1918192
2502432
1916154
2560329
713091
2500559
1919062
1881221
2548274
2079278
2099645
1508676
2201447
147711
2560686
2267655
1980426
1105378
2301562
157619
1034136
1881279
1821724
1273744
2024325
2182397
1551711
46839
1916117
2585737
2060953
2060721
1034107
377462
537023
2201449
1965532
2029664
2315721
483266
2563531
675060
2601669
2601635
1965283
58094
1986198
28871
1987158
1411991
1511908
2234083
131082
1421424
43130
2563574
320840
2099448
1718171
2057979
2562635
687800
2517961
213888
1091556
1636259
291401
1392387
2495553
314021
1194642
403905
47838
1278269
2041347
2560540
228579
2016051
882768
1881377
2301537
1815631
2099646
1225792
2601617
1327949
1993884
1410331
2041518
45219
1983573
1357715
2652409
312185
2231334
1341019
1168549
1897544
1922331
2027250
1873778
11309
1907588
2588492
466052
1072204
1933187
2560668
194965
1089132
1897546
754060
1984752
1264898
1050903
2307017
642926
2301540
2499000
1980540
2530136
1165140
392504
1920780
1897430
536444
2548110
1971435
2599876
2580401
1982363
2593334
1643325
2499025
2321390
1873887
2024323
1881375
1855815
51369
2249777
2590400
2651067
981330
1508684
687340
1647404
2419740
2027258
1913655
2301609
1984781
1675862
1141137
2589663
2099640
2026114
2565690
2419614
221036
1982905
2517971
1041806
2163597
1914161
330395
2488957
2603262
2249313
151538
2592215
2548291
10317
1273741
2565649
2027885
2126736
2059856
1580591
2201434
1654740
1179664
1868861
1262536
1385385
1462682
1881456
1987989
1971433
1416026
2560498
2301541
2419682
2562344
2500150
2547993
12392
1881392
2365052
1775142
1505027
1987156
2508180
400394
180504
2178917
942165
2079577
2547977
1127515
1079896
434346
979535
1391179
1983736
2072011
12433
2560499
675389
2024333
1643326
1985183
632112
1913684
2301548
2567864
1165157
2548226
1225791
1633150
2478683
2480623
2499015
2530125
2530025
1721090
1636559
2115790
2517973
1089117
2560778
1406816
92521
290030
2056127
1874594
93386
2591120
1698421
1357321
1294100
2601653
59380
215167
2341079
2099862
2548243
1932007
2053707
2585031
2560692
2510943
2015877
2588097
2070026
2508849
2041350
11978
1981161
2580405
231992
11663
2591374
2489621
866889
2041547
2548311
2041545
619631
1972439
2560388
1881428
1225795
1651196
1931111
2562191
2185086
2488835
2201348
1273749
1955426
2083001
1914206
2593351
1673876
2282910
2301542
1868598
79891
10815
2593353
2592196
93678
2563538
1918012
1883367
1897498
910475
1982585
1881236
2419743
2560383
2571169
869725
1933292
1234879
186541
2502301
2024249
1097753
2560743
2163593
161494
2024607
2507835
40522
1980481
1920338
1718599
1981933
623144
1089135
2499685
2560691
2572532
2483610
1881193
2548105
1300113
2108137
682651
1922332
2230910
2041339
1993860
1874592
1874593
563119
2301697
2530132
673376
1051631
59300
1982240
2530156
1874587
2548001
1982559
532075
2250357
12138
2560332
1871690
1918726
130370
10827
2077277
1327946
1698716
2510475
2517972
363231
2502477
36370
1542132
198543
1838077
1927029
292477
2591212
1922855
2563522
2587814
1747271
1985339
2560631
2315527
12896
1701830
1881289
1907787
754058
1881220
1229753
12232
12295
1985177
311229
1933695
2510513
2508185
2487726
1239570
2652879
2419979
1916165
1987988
1445727
2483660
1982577
2301613
10493
1881222
2548128
2079578
947066
1984778
38767
532076
1481224
1881288
1204527
2601620
1881399
1091052
1868860
2591190
208013
393599
1982105
2024237
10847
1100043
1965459
748170
1777052
714640
1810705
2506594
188763
11819
1932907
1289597
12275
2499623
1912320
2506593
400567
2560360
2488960
2024208
749413
2510489
1354511
2502447
1759525
320841
1983117
2546629
1330524
2547971
1985738
2500556
347326
2028134
2250361
2231338
78219
2202135
1220714
390844
2014603
409486
2560444
1340709
2565689
1463811
1927027
2301554
2560788
1916414
1470462
1701549
754051
2591046
2233993
2218611
573900
1959735
1643327
166056
254253
2282400
242527
2601654
641487
2548069
2563518
2560588
2315545
2048517
1916178
2182402
172667
1329782
2042251
2563495
1971413
1922330
2488783
2599833
2499042
2500570
743545
2591114
1239438
1980492
2560274
2590937
2483665
55951
1527493
1982221
2079315
2040288
445515
2548191
1910936
2502464
2510588
101570
2301560
2047835
37733
1133366
2565519
2548103
1983614
874471
2591126
2528685
2588129
2484638
2502463
51313
463360
2015823
2548219
205875
2591103
1168280
1195075
2562188
2079585
1150990
1511865
1690805
1814282
278069
2010286
2047782
1897433
1868676
1981552
2596677
10829
32604
2530183
2560633
1486426
1513235
2024302
1608041
943908
10390
2588139
336724
2040657
1070989
2100421
1812308
2652897
1165160
2652406
1675603
1982371
2163977
1847896
2583044
1177630
2599867
1982901
1980526
1497435
1913079
2250337
1982294
2596982
2502431
1925723
2005789
1714619
53010
2283098
2499022
1609138
271108
1897540
2548263
1016857
2041853
2591041
1273748
445684
2572526
279006
2589661
493906
1891703
2301607
1086749
2231349
2500796
1048517
1933182
2571254
1292086
1383054
2592208
1476889
2601648
2560020
2498843
318592
2591059
11988
1881233
1698714
1868852
2548008
1498504
12618
55216
2601640
10713
1194641
1655314
1391659
1965479
2041491
52996
1982892
2024229
2478919
2315613
1984751
2032563
11976
2565674
329853
753670
979525
2419965
2234034
393598
1983597
1508228
2502473
2250358
2169810
2419951
1168849
2231342
2039780
2508191
1958810
1881426
2015865
2499054
1913686
1982112
2301639
2201452
2283265
2517967
1327953
12161
2419613
2321389
2653274
2547987
192848
1881198
1084723
10785
2320197
245685
1961679
172391
2014348
906669
2502411
1147149
2560426
2015887
2580388
694014
1490026
2234084
129861
1914897
12042
2126958
39113
63118
2079566
2249763
1204737
1982107
1647305
2137175
1852638
1981042
2548260
646010
2510521
2170217
181210
1906244
1881420
2144178
1897548
2094719
1960247
1912978
687802
2484209
2507859
398839
505292
2006498
1089120
149595
2510507
1881403
573172
11320
10279
1918724
2601643
1679530
2163976
11961
2250387
1982378
2548170
1980947
2182345
2052930
2169921
181208
1508682
1278262
1982749
2590874
1792287
2548222
1945565
1558464
10320
1982277
1273746
2094132
1982148
2565521
1984753
11232
1788294
1980958
1985340
540065
1654357
2588502
668618
1881290
2560849
1982376
2052745
10840
1605721
2562197
1987154
2508178
12430
2563572
1933297
2560725
254252
908023
1985729
2024332
693627
1874581
1881250
1165134
1391667
2575330
2547979
2560606
2182318
82791
2070200
2548265
1983543
1881417
2508090
1698357
2283030
2588486
2201440
2510494
2500820
194441
2029671
2488978
756281
1970794
1983578
949127
1982890
2501370
1701826
1636724
2301690
2483611
137443
1529057
2560345
1391429
2283300
1701814
1881316
1980961
1983590
2126956
2560283
560178
223305
2548011
1195070
2563582
1962300
2596973
2548290
2052933
1916151
1874002
2126923
374527
11723
1891963
62059
2041389
2603257
10497
2560662
96779
1154689
114777
183407
2419667
1147137
103723
1572743
2029662
1075817
37741
2599873
2081626
12263
2069313
2599891
2365039
2012856
1982270
1914788
2588498
437329
1412875
2591368
2530020
2560501
2483668
585895
1881241
2588500
1604868
1505226
1815608
2530140
2083214
590739
11864
1526550
2591118
1881376
1701842
2250306
1982255
1881217
2502424
2489631
2528683
1636584
1097754
2094130
1897751
1700839
2548245
435646
2060949
1933107
35302
2585230
379329
1933298
2548164
1701809
223323
2565500
2590896
2560416
2548113
1862962
70600
2563587
2501962
1982750
1852622
66834
1072176
1920312
2301664
2024252
2483675
536086
40631
2575356
115991
2041474
2562196
1089118
2575331
2268396
540066
10326
2593338
1983408
1524880
2593341
1567015
2005048
1484571
1852630
2315708
1897740
1220603
1513193
2576874
2231356
2056886
2250382
320837
2599870
1837829
1654893
2250373
1784982
1983546
2548066
2315707
10773
1136534
2560735
431893
1955235
1642663
2301556
1883365
1891751
2502303
2548209
2250356
1176422
2565644
2027256
2250419
1871685
322053
1636575
2489190
10756
1589297
1970744
2015375
1340825
160796
2027276
2178920
2591215
2589666
2047833
1983555
29250
2548168
1110702
1124654
12208
2548200
1176765
445685
1881263
2563567
2099855
2560494
292639
1924733
10288
754042
880161
65467
1882439
1165139
1874588
1821559
1168820
1921119
1348384
1864623
1273755
1980955
1985730
167132
2169687
2565671
2182395
1881630
1675866
1670679
2340715
1176150
2560440
12345
10708
2034996
1032362
1647538
1195068
1636201
1982570
1964565
1640978
187764
1970788
1981047
2507857
2320191
1805958
1881448
2601630
1173754
2548163
11269
1168612
1400796
2560301
1175852
2560723
2026950
2560304
2079431
2557550
235201
1589274
2560297
2548019
1970789
43763
2560427
1567466
262588
2591068
1873894
2548076
1408279
2560546
2584403
1982381
10450
2015845
2107708
2562359
665033
682370
1255301
2517969
1921123
228580
754063
714583
2548083
1965093
2608300
1960320
64958
2592207
12809
2010276
1486474
1881270
1673872
1881321
2548276
718008
1651199
1874540
1792253
2184699
2365058
1982079
1002360
2315716
2548283
598494
2012677
2590930
351427
2099649
138184
337039
2163978
2169798
11855
1985354
2250413
2572525
2282173
2603261
1881227
2584487
2108115
1772312
1982902
2283264
1933307
2548194
2548269
2283019
2592202
1916184
1146875
2495554
2560555
336486
2599866
10334
2079586
1109714
1587907
564886
1986022
2546631
2499024
373126
743964
1958911
2079316
1340713
2510483
129143
2015874
1262528
1489714
2153295
1327937
1470458
2027268
1511084
2126928
2496992
1983739
2201424
2301620
1874579
2169689
2015825
2015868
2047837
2565522
2163024
2575261
2559821
2563500
1416008
1564031
1527536
979726
1772253
2560756
2599868
2015857
2589652
2025816
2508198
543876
1051138
390437
211866
1162305
1932905
11093
2005693
266799
2419962
2024312
1698709
2489620
1327035
1868611
2283250
1663209
2231357
575608
1921120
2559714
1701257
444878
2024006
2419949
2565657
2419978
2557553
2250405
2070715
1527511
2584493
1918007
1881196
2026840
2501381
1647312
1983536
1984799
703038
11002
1980519
11080
2510452
2250307
2588495
35287
1766765
2563552
233890
2608368
2305035
2562181
944994
1916206
1985722
115987
2315702
2201439
505291
2596675
1868659
1980926
10864
1176484
1983577
2593352
47740
2548139
2011081
201846
1921560
2419683
2508201
2563565
37554
1881203
1186059
2029673
561996
2163598
35288
1982360
2588138
28355
333767
229634
1982926
75574
2548211
294369
1983567
2596657
2282407
1891754
315431
1874688
1211283
2169975
1233177
104664
2126929
1048521
209052
190478
2218497
173443
2487768
1679524
1920763
65424
96054
1986290
2047842
2560760
463676
287412
2528671
2014350
1042123
70734
2015829
2029658
1881192
869662
1970795
2555914
1445811
31732
1881370
85752
2283267
2027903
979538
2502000
1958919
2502478
157898
79917
2169986
2479459
1194757
2094131
2565661
1955153
2548246
164416
12431
53260
2502414
414970
1916110
1312929
11034
2053625
2169825
1868683
28369
1927019
2563566
540070
1983596
53369
1647391
2601622
1041529
1924548
1983612
2250400
31741
1881213
2488948
2047836
2315468
2560608
2499052
2547994
1913038
1913656
1458852
112227
2592203
1916159
2169730
2589658
2053686
948071
317858
701257
2562192
2201453
2250296
2014434
2026083
430710
2591403
2163889
489258
1660379
1678078
1032892
2592200
351426
39720
306323
2488974
2484226
2516434
2548237
1647455
2250354
1141519
1973454
2024317
2364194
1985364
2500761
2301707
1629654
280701
312295
1546178
2530150
2488786
2169809
1908549
2508186
2231355
2015884
2548070
1567452
43761
2563509
2003327
1278278
67571
1933110
136966
694015
2560415
2016053
1434720
2163965
1354510
2038726
2591054
498803
2018029
1636561
2079571
1168595
69576
2591124
306276
1916113
2500567
1351702
2030094
2126787
10273
548468
2006180
245101
2590876
2027267
2060121
1883374
12280
2006671
12321
2548147
1965491
1881390
1868824
2483878
2170048
1785960
2047761
1458709
1427160
2572527
1560514
2601664
754059
2576870
2024350
2560337
2500148
2024290
1555233
2548189
2499039
330397
1739967
2560431
1805465
2170174
1932881
2560556
40061
2283289
2083300
346883
1572746
2015847
2510526
1821728
1483485
1327947
56947
1873905
1881141
2560677
1874576
44024
1868854
1701825
1508679
2169731
29252
2027265
2583046
2592218
2025818
1982089
1560284
754073
2548094
2079590
63723
2099446
2545436
70203
2591210
222459
2163886
687387
2201445
1916124
2548007
578361
1056831
1560282
2079433
1416334
1298633
979534
111874
12294
12173
1920764
1891762
373405
1921118
2041476
2081629
2315486
1654888
2584497
687801
2548220
1262533
2070178
1914021
2517946
576352
1921008
2499048
1195085
187397
2580353
12897
260378
94290
2320190
1980429
573173
551790
2201430
10649
1357732
2249314
2547992
205869
382275
2560493
2548087
2601644
2498591
1493514
686984
1445859
2283033
1035094
2565526
2231362
169066
2126937
2419617
2593349
2510464
2508193
2528680
2053015
2315629
1075774
2563514
2015881
2652882
2563590
2510586
1916115
440250
1572747
2234036
2500763
2419624
2502415
2548088
2301539
2008320
1828531
2500790
1610509
2419654
1458861
1907782
1887649
1654356
2315601
2563539
2560333
28304
2563498
2572533
12242
206378
1913049
1640277
2006170
2652414
1283076
1954350
1881319
2563586
2184051
1897543
2506599
1718278
2283270
12264
2560593
1881139
1647454
2601657
1922328
2153377
1165141
2182400
1965379
342373
2517954
1462581
374422
2565660
207697
2163888
1239567
2548235
1916191
2025815
404196
658401
1555235
1874577
1868681
2510568
1738604
10640
10702
2652425
221262
2560398
1470459
11250
1636565
1278271
2652890
396034
1836608
1924550
2599889
230871
10666
10401
1983599
2182356
1195086
513550
380624
2548203
1814286
1982305
1279083
57482
2499060
2599852
227940
1195071
2530154
1647524
51330
1256869
1883206
1273750
1701813
1955558
12898
2575320
1105380
1486419
2170083
1868599
1775248
2301619
2560706
1913683
120574
223287
1732064
2562461
1465618
1168816
2599834
1985726
2502448
2302701
2315533
130328
2562636
2041525
1982098
2599855
1278258
10386
2560458
181211
1965464
194802
38062
1476887
1986289
10310
1913995
1897750
2589662
2041546
2517938
1984787
2341050
1933264
1034113
2079417
223317
2234082
2563507
11876
2510515
1034148
2283029
169687
2499062
578234
2070727
2060086
2163632
130556
2548026
369960
2269360
1837867
2591191
2591378
2596974
2562520
1982264
2603260
2591074
1048516
1354513
1924551
1868855
363555
2601687
1921713
2548204
1982884
1881211
2365054
1720501
2014604
1924734
2548233
2024292
1873997
1301280
2502305
330398
2562559
10835
540068
2419756
1815973
2024307
2489617
1498228
1718840
1965089
10623
2502475
2601690
1982108
2565647
256729
167161
1881189
1647472
1034103
2508172
1406224
2108118
1647535
2652426
754066
1567010
282786
1907784
1982591
1513264
1980948
265522
2560484
1511897
977913
683172
2053704
696863
2563530
2169402
2283028
2161785
2499070
35254
1897431
1640972
1647402
2530158
1701851
2250349
2315484
1913039
2301529
205895
1985732
2169745
307898
11636
10661
536453
1457165
2301706
1881322
1881409
2507862
1983572
2169987
1982564
2593337
2517958
2599865
2588501
1417599
2023990
2591188
649688
1915209
2591039
2499036
925985
1921186
148879
2498999
492502
1168817
1987727
2301721
2502304
1503929
137511
1982288
2126785
2575355
2419737
993492
754067
307448
390845
1411095
2569975
1913449
1970798
1204543
1912492
2419612
2563575
2170253
1881418
2301565
1582157
2548096
1633151
1745249
1131315
1881276
380598
1914194
1340818
2015854
2024213
335924
1651201
2301569
2590936
1327955
1955172
1340836
345184
1985731
1985724
2560492
1821722
2052750
1984757
136084
1985336
1897483
565995
1838156
386792
2283290
223275
1903260
2419621
870469
1981027
1986959
186538
2502435
2006135
1852564
2560284
2448909
2548003
2517965
2548118
1273742
1165702
945084
2032573
10366
2484213
2599885
12169
2301696
2250416
347966
1881275
1698712
217615
1985714
2601628
1868829
764561
1622115
524023
1417304
1775249
2563561
941970
2530021
419782
1636314
2576454
290028
561998
2591376
2591371
444193
1458854
2548214
1881329
2283012
1340708
1792286
2508199
1909402
1165144
1173767
31657
2560433
2499014
1303346
1548907
1747284
1647476
1980485
1034096
2520509
2024291
1739968
1497434
2487773
10761
2027895
1690818
2041487
2597167
1698419
675077
1897438
1993876
2565527
2301621
1881371
1261657
1414739
1933093
2592211
1329402
2563513
2560557
2560452
285013
1918720
2077183
1146877
1421423
1489311
444875
1527580
1932897
11082
2565675
2499066
1647313
2510519
2003504
1914204
1881333
204933
62079
390157
1498170
1881360
459291
446807
1511890
205323
2560298
2201378
2201451
345199
2250360
1784980
2047831
2060957
1981553
307454
2508200
10680
2548135
445696
2448911
2601689
2365038
2283023
2599875
1982918
2218615
130308
2562811
983924
2502453
1897752
1907781
1815581
2250355
2267608
2576457
1932882
1675550
2652892
1776293
208086
1840528
2015807
1636580
77856
311228
2530141
2282908
1983600
1035662
1933770
1636256
1970747
2029173
2025811
329641
1881408
2234074
89592
1235559
2596676
1698359
462818
1543205
74660
2301616
2419704
1932906
12049
1906944
2169872
1897547
42882
1675028
340054
466215
2488976
1660377
198540
2589664
1982581
1985327
2059878
1881407
1500757
1852625
447897
373373
1874589
926474
2315467
1881347
1981168
2501965
1982083
2057933
2517944
1772251
223347
1814960
2126819
2231340
2488951
389214
10372
2591134
1881240
2548312
1349999
1970799
2548167
2250321
698400
12274
2652405
2015832
1041883
12893
41459
1897736
2548112
1354512
2169968
2250368
2500562
359961
2015844
12216
10685
2560847
2652422
1647547
2560417
2548055
1042122
755272
740971
35612
1881324
2488596
2587224
83442
2560341
1913591
1647551
1647300
334209
2590934
1914899
1176423
128708
980895
2548169
2500805
213775
2592190
2528673
1647465
1982254
2231352
1543199
2029675
1965363
2006172
2548242
1914020
33761
1965478
172394
2563504
2170087
2517957
2590929
1511892
227134
2587820
2580403
1881295
1881260
1837218
2250415
1903266
2563505
2267237
2315608
1920526
2250312
278008
10679
1506453
1917488
1701821
1881357
1918723
2560395
2548277
686985
2560674
2591101
1486428
2499047
2015841
2560724
1920759
2588125
1718172
1972584
2306727
2560450
425386
2548305
889957
72638
2029169
129955
1958965
1235689
181215
2548032
2419525
2041549
2563546
1925780
2170248
2283254
2169744
518829
222450
1984758
1654884
938083
1982082
2507864
2419626
1881216
2306891
1881218
1921710
1883378
1982289
2419942
881953
754048
1399941
2231359
2548313
1805955
754053
1748773
2023996
1982245
354328
642478
1881199
2365042
40059
2508173
2029659
2548144
2283286
430796
2502451
1972437
1051140
2510577
2047801
2315536
1542477
2560834
1914019
259389
2548010
91613
754071
2560732
169683
2250214
2182358
2562199
320842
1165145
2234025
2489186
382359
340435
2234029
341167
1965467
31532
2488787
753084
2548119
1813777
2560755
2562637
320832
2079281
2560781
138948
1914208
1887642
2530137
1262073
1420594
700512
2301615
2599844
2283266
1881430
320834
2041539
1983109
1500713
1637496
173976
2315529
2079569
1720498
2419615
2006169
129952
1955424
1548421
2500564
1777122
1567470
2024212
1223260
2136179
1814285
2560667
2502476
2591208
29272
2510571
2591406
1511914
754062
2060947
2137754
1493513
1622234
1006972
2589656
2530036
1755681
1881194
1506546
2015824
2508176
874267
2560455
2231345
1176145
755273
1881358
2419754
1881440
2500821
1983603
1779843
134681
1775283
2562195
2570913
2059675
1981164
1983554
1500812
1481186
2584979
1175849
1933412
926844
1162289
194699
2094140
638660
326037
2580408
652718
2601631
28295
1979165
1620702
2218617
2599764
1777053
103807
2283022
2560832
2094138
445563
2563499
1881225
44088
1981032
2548047
2548027
2053681
2591644
870471
38018
2601641
2250308
2086643
84589
381899
1429792
205908
546185
2599863
2500136
2593344
1204538
1881280
198112
1897439
869663
1982266
1965471
2608318
2282412
2047765
2170100
1458831
2548177
1881382
242710
2599858
1493511
490711
2555548
1982300
2234077
1959736
2560670
1868851
2024241
2565691
40060
222475
2565681
12287
694008
2484246
1740107
2560544
279280
1982297
1980471
2268610
271647
1985179
336987
1862958
305677
1289467
1881398
1881314
10995
1874575
232380
2419611
1873697
2571253
2094137
1921411
1921436
2508177
1982380
2099641
2042548
2603263
1916169
235406
2283031
2041522
1034142
2038729
1636562
1987509
2596713
1982292
1881301
1881202
1983783
1916182
1932363
10345
2652431
2591048
1921698
1932713
1972612
585062
2049937
1958910
2565653
1918722
2029669
12143
114416
2250305
1340821
2506603
2315540
2548210
1897761
2500568
2613911
1636558
11966
1244203
1916192
1073767
2548236
1168824
1176425
320839
2250314
176652
1982917
2530032
1636249
2499026
1226260
2041501
1926503
332054
1932900
2231343
2169709
373996
1654361
1002724
89463
2250420
2060093
2060617
2546634
1131316
1513255
2562176
765765
12203
442302
2548207
2015889
1016855
1914209
2054274
2170080
1349410
2024211
1146874
190810
1864622
1897487
62352
2250406
321023
2301614
1129194
1162280
1697918
1636568
2041517
1881362
2024311
1980475
2016052
1415145
1815609
1983545
1940555
2560679
2500786
1982151
481315
1897449
36339
1986015
1740108
2070193
1917232
1965463
2419976
2488966
1933114
2047845
1118063
2015850
2591075
2054610
1980534
1984785
2508202
2041486
2126786
2563516
194948
339420
1536596
1868845
2498616
1981166
2591217
2548041
2483418
754069
1881252
1505227
1977295
1108949
1476554
1448274
1150869
2530143
2079565
2047758
233894
2163963
1980528
2491317
1897766
1522092
371401
2502438
365327
2499073
644563
746830
1813888
1980523
585069
1982584
2596966
2506586
1647532
1511866
1920993
2182341
532074
1095076
347328
1821058
2548127
1932889
885379
1732174
869724
1636574
2488654
1198117
2041533
391090
2591222
10879
2560399
2548053
213773
1965370
39637
1883371
2015374
2548282
2201444
537874
2599859
674953
1173768
2601626
2200830
2562142
1543320
1089126
2382122
2591125
1513260
2182322
2599869
2283027
2548093
1980962
1458726
2041537
2029672
603333
1913114
2301575
1567471
2571250
200392
2027894
1307804
2560409
1983742
2049888
2015370
2591102
1921185
2555913
2517970
2499043
2591112
1642588
2594175
1747286
2599874
467481
2489622
2591028
2027253
2493121
11983
1675549
2070720
2032731
2560758
1921412
1732175
1110704
196400
1500804
1327993
2201417
1675553
1993889
1567005
1921561
1647471
1093672
2014349
2049893
1971412
49891
35250
1340711
1881414
2560761
2047844
1805457
262725
2040655
1927017
2169967
2502472
2365033
2027251
2250403
2528687
1982298
2169979
1421422
2548086
1463812
1289600
12227
2548072
12179
2067573
2041544
2560394
2015808
2652891
1813781
2070716
1984749
2560420
2506596
1980518
2079563
138951
2563524
2488953
2006171
2591132
1904925
1701810
2591066
546183
889956
2250421
1838072
1636572
1981163
2250215
1891727
2592206
1606762
2050981
1980956
559878
431317
2099642
2530186
2560762
10561
2548239
64290
2178919
548908
2502442
2491318
445686
2548303
381543
2560688
2027898
1245909
910474
1881365
1636204
673839
2560773
1933111
1660381
1636567
2202954
929835
2099445
2517956
2169971
39681
1300007
1814959
1680908
2590881
1916114
1734480
1920756
1912147
257816
760939
2283288
1880590
2560497
2250301
2070195
2548122
2016032
10464
2201455
1296654
2563585
2301720
1982267
1035483
1458856
1982903
447909
1589753
1980959
1636585
1660373
11020
1560313
1874582
1980610
1814287
71972
1922213
2548037
31658
28292
449400
475178
1097752
1881287
35306
2099638
2365005
1093100
1197953
1663208
1278256
47418
32619
2560700
1327940
2560632
1868848
11276
40051
1327990
1979160
1813780
1589748
59563
2590051
1913036
1802949
2560726
1041406
1524882
2591373
754052
1636579
674954
985782
207343
2487763
1914442
1506997
2601629
2591224
1450169
2508187
1895333
2548304
1698440
2234076
1241957
1654359
28288
2419961
1660380
1651202
2590947
2041488
1720494
1945589
356862
2560680
1277891
1916207
2565667
2301705
1582152
1784939
1897549
2338395
2081619
2510524
160842
1128118
1863010
1560285
1982102
2499050
2023998
2588513
1921706
1747326
1961681
1897747
10245
1913048
459845
2320196
2025359
240876
2025812
1109712
1916155
2079579
1810940
1005056
1984784
31742
1983579
1920778
2588092
351428
42475
2592213
2126791
39944
1916123
204507
2048979
2419640
2025809
1881406
2502470
1605378
2560754
2565672
1881190
46221
1881379
2212563
12187
687385
2557578
1881369
2024287
190811
1663210
1873989
2601618
1932118
2234079
2488788
1892569
2283014
979536
1586715
2591408
2249772
1984756
2341048
2041207
1160968
1921547
2231337
1542133
754047
2548018
1226255
1527463
2548258
1493508
2484214
2024286
2583039
2499902
936152
2501771
1881305
2041534
2026569
129862
1916195
1165151
1980941
57483
2506609
1403390
2081603
936054
1229675
1955170
1034117
1337877
2169882
2500806
2016050
2548073
1965535
1115653
81877
1548713
1977631
1608042
2560675
1500817
2593342
539221
1985180
146269
2517945
1881230
2517952
2548140
1165159
2301635
270117
2591127
2560461
10353
1913110
2601695
2315597
2591104
2591110
1916197
1977640
1698522
2022859
645116
1716041
2169980
243563
2419755
520848
2596884
1636271
2563570
40666
2499021
694060
2340714
40052
2026943
2315703
1883202
2060088
196093
1881380
1871681
1907783
2548308
12895
1197952
2506595
2099451
2202624
2591218
10704
464979
1226259
2126724
2015835
2099632
2178922
1921563
2041521
2591213
2507860
1978922
2182401
2163986
2500573
1511891
2530182
546184
1747283
11084
2029665
225588
2163887
2169686
2029668
1868856
2562809
12181
1701853
2560539
2563559
2250410
512792
12480
2301647
979527
2301642
1874570
1921124
1916198
2585231
1881273
1914160
2099861
1972434
1971429
1720502
1921189
2283259
263892
2530142
1881200
2161784
1486414
1187973
2099633
1954380
1881350
2560619
2169708
333361
2249775
341938
2565678
1298531
344022
2182352
2563545
2563540
2500574
2250428
2652411
1300005
12238
1334242
1884878
2169977
2070721
2548130
12253
1916188
2590941
12348
2588519
207830
1914155
64186
33724
10468
1678905
2218616
2548216
2094142
469660
1462681
2169871
2301713
1500822
2560748
2015890
142843
2565659
1883204
2489632
1675600
1958918
1651816
312008
98383
536472
937835
129956
2502410
2507854
1675317
1881340
1034131
2500565
2283298
1580580
2016461
2601619
2053675
10454
1654780
1982358
2027244
45455
1677909
1735562
270182
1868170
2593346
1662286
2250396
2049444
228578
2613793
1965380
1868610
754046
2483662
2583042
1981165
1927015
2563506
2591034
2024322
12204
2053709
2563502
2126808
2563581
2041454
2499004
1498169
2079580
1881404
2596887
2548188
1381464
1881339
1732178
2530159
1881373
1508674
2003506
2562367
1701799
1567011
2548059
2548137
2059867
648998
2249773
1500809
2488955
48200
2588096
36772
2024288
2548254
112023
1982271
2041208
337826
151528
2015886
2588095
2592198
190808
2548184
2015814
1933290
10506
2027263
1897445
2496589
1873954
2555917
2502434
2268578
72750
342564
1986018
12045
1987150
2591189
2060090
2590877
133704
1775140
2250392
1527520
1266995
2040659
2652894
2499053
70177
445693
2583040
1921529
2565646
2040656
2301574
1204535
2250412
104263
2006926
2592162
1161931
2599840
2250295
2182394
1868847
28873
1881195
1392388
2591069
536081
2250407
2282401
754070
2027260
464033
2169926
2283297
2301568
2560808
2070028
1719140
1330520
2234038
1962299
2250369
1334246
1897442
2052651
2315618
2081618
2015805
1897501
1837842
2562175
57667
2548036
1965494
2250294
2479483
260377
2201438
1927030
1881219
946046
103722
2601638
35345
2500808
1814284
67585
2507858
170965
1920309
1755697
1934252
2065330
1034150
225752
11263
1881104
1913685
2560519
2562365
2499012
2506589
2249764
2419623
2218612
2499018
1868827
2499044
1296592
2548287
1985699
1982889
2079284
2548178
1582153
337043
1805466
382262
2599822
2015864
1980942
2500791
52135
2108119
2528677
2528684
2652893
1698364
2548057
2548016
1873996
74320
1567486
1226258
131083
2069608
10359
1983574
656190
1476888
1982100
1881397
12211
2052743
2178921
1921545
1913571
2047828
2079413
1982887
2588128
2202248
2548101
1631303
1036614
2047766
2560307
1982153
31535
2483676
1089115
2419742
1881351
2548100
1089128
1821561
2565680
2499010
2591047
2547986
1450746
1982374
2099651
1993888
2047867
1985361
433499
2070496
39838
2489628
2563576
1427169
2137174
130478
2005060
2268608
38012
2027246
193120
1916172
337049
2563562
2170044
1717193
11709
1296659
2599857
2585114
1589733
2041553
11176
279383
2126952
2015846
2591040
1262527
2250290
1987941
2591206
1881445
1147144
2283281
1930510
2510492
97081
2267607
28327
2234032
670252
1660376
2024265
1076345
2517968
2591205
880162
1913109
2108129
1563660
1821723
529929
1278277
328430
2109586
2587493
2024306
1881258
1471299
46436
1127518
2510579
1172985
2099356
2306892
2042207
2022783
2027887
2249780
2560511
1897550
1647552
11241
2548190
759755
2484640
1332145
181082
11628
1873895
2530169
694001
2099443
2502469
2502433
1211286
1161906
1034114
1897506
1815511
2530187
1654782
2530023
2580409
337048
2548039
1511894
1146873
2565524
205488
1803956
1955495
270673
1914203
1986538
2040289
2496547
2575324
1327777
2588514
2590932
2419753
2058620
1168842
1980951
2547998
67762
2563533
1555207
2047847
1926594
262968
2560705
2548133
1273712
2126812
1647304
1987942
1701806
129395
2502429
1217810
1920761
2218660
869661
2548266
2488858
1983611
2488332
1170234
129009
2250375
53181
2307015
377610
1920758
1980949
220812
31537
1105348
1784956
39444
2601665
2591042
1206556
2218618
2015830
2483661
1814283
1987987
100220
1849838
1983556
2034345
1592576
1170424
1340826
2083176
1913080
1897504
1916187
643132
2024289
2508174
2560791
1982265
2301640
1982273
2315696
2502450
2500827
2382310
1654579
1298530
365620
2547981
1920755
1897746
1881228
12330
1982746
1874585
2005699
82676
2517941
2029636
11665
2301566
1983110
548913
365523
1165143
459949
1792289
37124
51680
1558468
347327
1048515
886980
2094136
1921548
12303
2048005
2041531
1810396
1982085
1982280
2027900
12906
2591380
1221437
1399915
2301689
2489624
1986034
1986350
1131256
2320189
2592210
864178
2053690
2005696
12261
1115696
1698708
1911555
1562048
35269
2234072
2315471
1805463
1873891
2170239
1825924
1921528
1785753
1881294
1897434
118140
1647309
1510440
10970
2548080
1072672
1732063
10710
340016
1985737
2365028
2341047
1881355
1391190
12178
2487147
1965487
2178928
2282911
1959738
1981048
1959484
1821557
2316014
462590
2500819
1983588
2126984
1307800
762905
2027264
1567009
1049283
2301662
198539
1982225
1334245
1105379
2590938
1874531
2301600
1916116
1860193
1852566
1458669
2593336
1913658
929833
1984775
1913446
2495576
1254425
2015372
1921409
2483772
1129035
1985698
1881394
2562177
2517963
2479934
1972435
2560676
646413
1987994
1493509
2571265
546182
2530157
71366
1920308
641832
2182320
541865
1211417
691504
1190451
35343
1406782
2015821
181212
2483663
1608090
1698420
2560835
2126817
2079257
1089119
1429791
2307016
2500802
2593638
2039884
2502457
2182398
2487766
1227925
36362
1982904
1980945
1675599
2548064
1916194
12332
2560802
2565669
2079415
575610
2591214
11676
319748
1327764
536454
2250310
2483666
2590948
1470460
2508197
330396
2041342
2126790
1982253
253701
1150757
76343
2548224
198541
2591130
1079999
2099628
2548221
2079419
2163635
1147150
209529
1965382
1636313
2650874
2048980
1898549
2419746
2315530
333766
1649337
1701845
39103
1463810
2575255
1912977
2448910
2560474
2301694
1897748
1472911
12894
2508205
2006928
2301693
2499020
2099850
1881239
1982882
743544
1758150
1897489
1898550
2250425
1985734
1993879
2565654
2604899
2041530
2250381
2315482
2006138
2024010
11660
1981022
2510570
1883379
2283247
2419744
2488789
1881425
77763
1993859
1984750
399387
754057
648801
2315469
77813
2530122
563769
1486470
2053813
2588130
2283302
309390
2365040
1173750
2548024
1440170
2250351
270161
372457
2547432
2249767
2163891
238893
2563503
2008761
110457
1327987
2070186
2591216
2591044
2499031
1915208
1883372
1455076
2544986
2301617
148603
2548314
28350
40067
2599883
33726
2283017
2588136
2169481
2590931
1918193
2250334
51034
756278
2315542
2250319
10678
2026102
1982092
2488964
1913108
2126943
2250336
1985178
947843
2591407
1548720
2484639
2126788
2488664
35244
2250313
1972577
2301648
154339
2517959
249151
1207438
2107707
432587
1419109
1972579
687799
2055263
1567007
2588094
1788315
945960
1980423
1921000
1129146
2027274
2041555
1084722
2126805
1421421
2070717
1815522
1308894
196242
1235645
2231350
1859492
2599851
2163595
2510516
1955425
1202142
2560334
1881443
2301601
2079280
55744
225726
990550
2499059
2560488
620841
2099639
2053693
1690684
1897763
883876
2126936
2169808
2584490
2497859
335100
2169699
166921
2027888
2491665
2555909
2652415
2528689
1982592
948870
1838062
2234030
2072209
2301571
1406341
2548049
949124
1587520
304222
1983784
484896
1660361
2052748
1970800
2563550
1328030
1971436
1220716
2560397
1897490
2006179
1962672
157239
169864
2588491
31507
573176
1881232
2548134
1805952
35246
2499035
2506591
2575318
2126979
2419948
2250363
2292880
1636582
2563536
2599888
154334
38804
1678143
1970776
1283079
1881423
2301710
1120767
2178923
1278248
1718842
1881331
1897535
2041557
2340996
1165150
2163605
10371
2027257
2301547
2560414
2419955
1500803
1486429
2041857
2599828
2079592
1468169
222456
2070189
2182323
2108132
1871678
1209382
137758
2484637
1048668
2079572
